-4.20    1.50    -0.82   0   0
  -3.10    2.80    -0.31   0   0
  -2.00    0.70    -0.52   0   0
  -1.20   -3.50    -0.34   0   0
   0.50    4.10     0.54   0   0
   1.20    2.50     0.76   1   1
   2.40    1.00     0.59   1   1
   3.10   -2.20     0.05   1   1
   4.00   -0.50    -0.75   1   1
   0.80   -4.20    -0.48   1   1
  -3.50   -1.50    -0.94   2   0
  -2.80    3.00    -0.14   2   0
  -1.00    1.70     0.79   2   0
   2.50   -3.80    -0.27   2   0
   3.90    2.90    -0.38   2   0
  -4.80   -4.90    -0.17   3   1
  -0.60    0.40     0.57   3   1
   1.90   -1.70     0.65   3   1
   4.50    4.80     0.06   3   1
   0.30   -2.60    -0.77   3   1